.Random.seed <-
c(403L, 10L, 532747804L, -1841346446L, 166162157L, 426062631L, 
-1761906866L, 869009320L, -47877205L, -1800310583L, -838207272L, 
-16284282L, -1884160927L, -1486606861L, 650325090L, 279636692L, 
-1473741865L, -1345498675L, -695589532L, -1418423990L, -105023307L, 
1305235471L, 991807766L, 1695331264L, -1262395517L, -884273759L, 
-1935281776L, -2052187538L, -1253942247L, -1203314517L, 1094050970L, 
324187228L, 953045343L, -1409641675L, 114030284L, 1967391778L, 
1989842557L, -888075401L, -62061410L, 1940022104L, 1730102971L, 
405055577L, -218883096L, -1643463146L, -607321711L, -368430525L, 
-1624919726L, 2098431460L, -1529295833L, -17983363L, -1977760396L, 
-2100418214L, 685195173L, -1291870273L, 530150470L, -1651199280L, 
79617267L, 130202129L, -567600064L, -2086432738L, 990875369L, 
-1482773477L, 740451370L, 695744332L, 19369231L, -1506414523L, 
-574072324L, -1991329710L, 1563754957L, 761537415L, -999045522L, 
1037485640L, 245063755L, -1317803607L, -644135688L, 1142157350L, 
-409697983L, -1460797741L, 463267458L, -1892750156L, 397481015L, 
232494893L, -158362556L, -1411720854L, 1099380181L, 1195823983L, 
211962486L, 1398484384L, -1263166877L, 466881281L, -1199431056L, 
1821744654L, 1033041529L, 1029161483L, 1812773690L, -679599556L, 
-1541283457L, 273492693L, -983586068L, -1901454270L, 16446365L, 
-62485993L, 1671876478L, -1339892424L, 209525275L, -1429650567L, 
-1906788920L, 1432758774L, -1390437327L, -381788573L, -37494222L, 
-1230590076L, 824835527L, 783340701L, 1048122388L, -1963298118L, 
461247237L, -1623627553L, 1084690790L, -1090382608L, 1408163859L, 
-1311242831L, -1084587936L, 1561972222L, 990075273L, -1931546949L, 
-330306934L, -1419733652L, -1491684625L, 659123493L, 1195146204L, 
-1545954894L, -442607443L, -1342306201L, 1701273486L, -524859288L, 
204035179L, -544063991L, 193364120L, -1790153786L, -695640287L, 
-2128876621L, -414825694L, 2050495764L, 991237527L, 1610542477L, 
1929112740L, 23334538L, 614958325L, 2081471311L, -1739422634L, 
-1904621824L, 1937326659L, 2128288225L, -92193456L, -1954860114L, 
1916367193L, 336523115L, -471376166L, -995528804L, 1113052063L, 
1873459701L, -63292276L, -876231326L, 943397181L, 1956262327L, 
-1721207202L, 989536152L, -483823877L, -368245095L, 1131786024L, 
-458209834L, 2119469649L, 1045504259L, 1456372882L, -748260828L, 
-1671459609L, 1189306685L, 1102615988L, -1455590L, 538505573L, 
-1501093889L, 2070328966L, -1360933360L, -605580109L, 1168158545L, 
186204928L, -390653474L, 1620853289L, 1657483739L, -1378836758L, 
38644876L, 1276351439L, -1032377467L, 1119569980L, -1886746350L, 
-84713971L, 1646660935L, 1122535214L, -252527992L, 788704139L, 
-1385976983L, 142288184L, 783558630L, 43433857L, -1569482989L, 
-546438974L, -225240204L, 332719991L, 887636077L, 725917444L, 
431365674L, -1583328363L, 1310996527L, -1314959050L, -536104608L, 
-1659646045L, 963524801L, -435902288L, 146077646L, -1271223495L, 
-282418357L, -1545348870L, 1870889468L, -724688321L, -1777768683L, 
584700972L, -150246142L, -1701755427L, -247292976L, -611176852L, 
-1530424780L, 1161987730L, 1246260576L, 563743052L, 950158304L, 
-38309470L, 1045289384L, -1201564020L, 2013760956L, -118226318L, 
-1213527056L, 1694462532L, 1761259608L, -1471871942L, 84145264L, 
-1238715332L, 292893972L, 1814346434L, -2077747488L, 135015548L, 
1553046224L, -1139684958L, 638278696L, -1387964660L, 1760959932L, 
-313657550L, -644809024L, 124608564L, -393691448L, -1508120390L, 
-744066416L, 813514476L, -32724396L, -1123750254L, 928976160L, 
1737721292L, -450306336L, 922879170L, 1319877672L, -201120852L, 
1185550012L, -1876641806L, 1066469936L, 788005796L, 310099384L, 
-1737023654L, 1524056208L, -1598419076L, -758647532L, -507528894L, 
-1782131456L, -408694340L, -1939507888L, 1343324450L, 242831944L, 
-670755828L, -15101348L, -349874734L, -1026167296L, 1630411092L, 
-480437016L, -512161542L, 1052969680L, -1024794836L, -1755581196L, 
1832717714L, 565084512L, 828919820L, -1357899552L, -900069790L, 
824090792L, 1947496524L, 1768753020L, -902230734L, -362877328L, 
-487348412L, -843490344L, 1042925434L, 418571312L, -815421508L, 
-1122964908L, 804563010L, -135260512L, 529519292L, 2065539024L, 
1719681378L, 253954792L, 2118618316L, -1418421764L, 2142056946L, 
-531232640L, -683639308L, 1103006344L, 1185490746L, 722751824L, 
-1179586452L, -213305964L, -809827246L, -366538272L, -1765097268L, 
-1708340576L, -1642952318L, 521882856L, 342725356L, 501745980L, 
-718199694L, 2137247344L, -466598364L, -1636337608L, 1986749722L, 
-435576624L, -2087297732L, -68714604L, -1049456766L, -582262848L, 
-1245223364L, -749004400L, -1284377566L, 314562824L, 2080388236L, 
-287153380L, -1316296558L, 1401248128L, -872088556L, 807767848L, 
532403770L, -1228168752L, -736997012L, 441251764L, -979438L, 
-641797152L, -483576372L, -1382411040L, -174456798L, -1016936664L, 
-1886509556L, 383017788L, -277744654L, 406801136L, 851200580L, 
-2009414056L, 995903290L, -1470651408L, 180500156L, -1065028332L, 
1242091714L, 2076933216L, -2121434756L, -648730672L, 377170210L, 
940211880L, -1538192500L, -889492292L, 324919090L, 2105856576L, 
-1684200268L, -1266265016L, 1617934778L, 1193725456L, -669239060L, 
-1781667500L, 755214098L, 1663681952L, 54176460L, 830908000L, 
-462008382L, -1095548120L, -1268286036L, -974368452L, 371322738L, 
-461061840L, -1619534044L, 2041034040L, 175135450L, -1620535408L, 
-1016048900L, -709271660L, -1633478590L, -1298805504L, -2136003524L, 
2050784592L, 329492642L, -573159608L, -753281268L, -2082817316L, 
1347371858L, 1420919424L, 2102896724L, -872940568L, -1580075270L, 
-1192351408L, -1460665556L, 60307316L, 2039427986L, -1502800288L, 
-423919732L, -1424104608L, -782022686L, -1808207960L, 574774476L, 
-1152004612L, -52687950L, 1548954096L, -46544444L, -1041108648L, 
1594959226L, -1214041680L, 1522814908L, 1525485652L, 2086568898L, 
1264018464L, -843813700L, 2061478480L, 1861242850L, 303642216L, 
333924940L, 1291993340L, -111579150L, 305282304L, 2063734644L, 
1530191880L, -1259522630L, -1603699248L, -1814232084L, 1373577108L, 
-703896363L, 1973675698L, -1193722240L, -599570839L, 942492379L, 
-1655507412L, 913200698L, 685527279L, 905927545L, 268531726L, 
62676444L, 245763661L, -209048137L, -567049408L, 1973867038L, 
1735652587L, 2083224685L, 1935244506L, 491160728L, -472300799L, 
-1542035277L, -1379089452L, 609525474L, 1580572535L, 916873921L, 
295424582L, 169942404L, 1696809781L, -1202085601L, -107296648L, 
-1131342506L, 1861233635L, -2145278555L, -1986033598L, -1172257232L, 
561757785L, 539817931L, -1743525828L, -1993550230L, -767988577L, 
2125348137L, 1375586750L, 1746577580L, 148884989L, 63403335L, 
-2101039568L, 267941710L, 1605479291L, 1022242013L, 1266294026L, 
-279861208L, 702004369L, -1654011773L, 1217800580L, -657729614L, 
-639182585L, 180722513L, 1802627798L, -593505356L, 2012113861L, 
-663229681L, -349668984L, -265462618L, 1006947411L, 1135463861L, 
1121493778L, -1442516768L, -2006256311L, 391636859L, -27147700L, 
-10859558L, 2007638479L, 589969305L, -1142468690L, 1436046524L, 
1246063917L, -876896553L, 1205970720L, -525479810L, -1760545205L, 
21728333L, 975770234L, -1765602632L, -889257887L, -1202961901L, 
-1203206092L, 1050740290L, -85093801L, 1393385889L, -257383834L, 
-292568476L, -1893559915L, -840152385L, 1535898200L, 381199990L, 
-1298564477L, 589209285L, 746556386L, -1611970992L, 654840697L, 
-387549013L, 1061638172L, -412729526L, 1584920383L, 567314825L, 
-1426663010L, 1830670412L, 106977821L, 393885607L, 359336656L, 
-1790059410L, -205511909L, -541205379L, 102199914L, -1925233912L, 
2057456561L, -948339677L, 1158911268L, -1413353006L, 811602471L, 
338820209L, -130243914L, -1052758444L, 414110437L, 1926975215L, 
66333224L, 1495465606L, -1411729229L, -1431548395L, 2067259506L, 
1991134400L, 376521001L, -1960380517L, 1515540588L, -1490295686L, 
1725812143L, -885666631L, 1918711502L, 1573540892L, 1365739405L, 
